1 2420279255
2 42089173
3 13013471
4 6642331
5 3651310
6 2355897
7 1729545
8 1207716
9 876499
10 684240
11 542741
12 439248
13 364608
14 312451
15 272311
16 235468
17 207499
18 180119
19 161036
20 147153
21 134764
22 123450
23 109007
24 98095
25 90345
26 82471
27 74404
28 67669
29 62701
30 57492
31 54458
32 50508
33 47815
34 44480
35 42481
36 39855
37 37925
38 37502
39 34567
40 32828
41 31280
42 29820
43 28191
44 27290
45 26002
46 24566
47 23692
48 22275
49 21670
50 20786
51 20026
52 19249
53 18763
54 18065
55 18031
56 18800
57 15647
58 14976
59 14503
60 13721
61 13516
62 13399
63 13054
64 12664
65 12329
66 12356
67 11960
68 11410
69 11863
70 11142
71 10825
72 11746
73 9522
74 9080
75 9014
76 8643
77 8444
78 8081
79 7831
80 7492
81 7466
82 7341
83 6911
84 6948
85 6621
86 6675
87 6558
88 6370
89 6063
90 6061
91 5963
92 5866
93 5910
94 5749
95 5473
96 5627
97 5495
98 5274
99 5182
100 5116
101 5166
102 4899
103 4988
104 4679
105 4439
106 4369
107 4239
108 4359
109 4157
110 4101
111 4109
112 3966
113 3838
114 3760
115 3654
116 3598
117 3597
118 3437
119 3444
120 3379
121 3352
122 3458
123 3425
124 3379
125 3557
126 3538
127 3173
128 3041
129 2937
130 2969
131 2942
132 2620
133 2859
134 2660
135 2607
136 2677
137 2598
138 2518
139 2509
140 2467
141 2632
142 2497
143 2414
144 2510
145 2249
146 2301
147 2434
148 2373
149 2323
150 2438
151 2138
152 2126
153 1948
154 2001
155 1999
156 1941
157 2008
158 1996
159 2069
160 2047
161 2077
162 2010
163 2126
164 1899
165 1964
166 1759
167 1748
168 1747
169 1698
170 1758
171 1691
172 1781
173 1676
174 1666
175 1661
176 1591
177 1695
178 1563
179 1594
180 1541
181 2022
182 2016
183 1687
184 1583
185 1413
186 1456
187 1306
188 1415
189 1331
190 1234
191 1285
192 1214
193 1274
194 1185
195 1253
196 1199
197 1085
198 1115
199 1255
200 1255
201 1156
202 1332
203 1287
204 1188
205 1357
206 1109
207 1163
208 1115
209 1005
210 1058
211 1003
212 984
213 986
214 1061
215 1060
216 1107
217 1200
218 1832
219 16775
220 2940
221 2061
222 1665
223 2777
224 5450
225 1487
226 1097
227 954
228 920
229 843
230 833
231 801
232 841
233 756
234 713
235 751
236 799
237 729
238 739
239 724
240 751
241 677
242 712
243 710
244 744
245 694
246 642
247 667
248 677
249 672
250 687
251 638
252 655
253 618
254 721
255 591
256 686
257 634
258 789
259 704
260 630
261 595
262 630
263 601
264 637
265 617
266 622
267 639
268 599
269 581
270 593
271 580
272 511
273 525
274 538
275 487
276 487
277 530
278 518
279 539
280 478
281 497
282 528
283 529
284 511
285 486
286 455
287 510
288 501
289 517
290 492
291 476
292 488
293 498
294 491
295 559
296 691
297 511
298 473
299 464
300 457
301 497
302 455
303 556
304 470
305 476
306 457
307 460
308 469
309 480
310 460
311 436
312 419
313 438
314 461
315 438
316 458
317 398
318 403
319 431
320 448
321 434
322 402
323 398
324 373
325 424
326 408
327 381
328 393
329 361
330 345
331 391
332 363
333 348
334 361
335 349
336 353
337 380
338 331
339 321
340 356
341 412
342 379
343 390
344 379
345 316
346 347
347 333
348 325
349 341
350 301
351 299
352 283
353 333
354 319
355 312
356 256
357 291
358 295
359 321
360 280
361 297
362 289
363 307
364 423
365 356
366 357
367 332
368 299
369 304
370 275
371 283
372 307
373 279
374 272
375 298
376 282
377 259
378 277
379 262
380 298
381 298
382 232
383 303
384 222
385 291
386 244
387 276
388 262
389 236
390 230
391 267
392 242
393 268
394 266
395 271
396 198
397 273
398 286
399 288
400 284
401 306
402 460
403 276
404 280
405 277
406 257
407 244
408 276
409 225
410 256
411 190
412 216
413 220
414 218
415 255
416 224
417 218
418 209
419 292
420 269
421 255
422 226
423 243
424 233
425 249
426 195
427 213
428 210
429 183
430 215
431 240
432 198
433 190
434 183
435 195
436 226
437 224
438 261
439 365
440 474
441 290
442 264
443 252
444 241
445 238
446 200
447 234
448 220
449 232
450 193
451 201
452 208
453 204
454 179
455 153
456 196
457 161
458 183
459 179
460 211
461 175
462 158
463 186
464 166
465 202
466 198
467 182
468 204
469 188
470 170
471 185
472 179
473 173
474 177
475 203
476 184
477 174
478 128
479 149
480 165
481 165
482 153
483 156
484 200
485 157
486 155
487 159
488 157
489 164
490 154
491 174
492 142
493 127
494 160
495 127
496 135
497 116
498 137
499 133
500 126
501 131
502 167
503 138
504 138
505 145
506 130
507 140
508 128
509 125
510 125
511 113
512 142
513 149
514 170
515 169
516 156
517 138
518 149
519 144
520 137
521 141
522 143
523 115
524 128
525 126
526 118
527 106
528 119
529 151
530 126
531 124
532 142
533 142
534 143
535 133
536 113
537 139
538 127
539 128
540 124
541 121
542 130
543 146
544 129
545 130
546 114
547 145
548 173
549 130
550 109
551 115
552 139
553 153
554 127
555 150
556 122
557 122
558 130
559 111
560 158
561 125
562 114
563 109
564 121
565 127
566 101
567 144
568 110
569 102
570 131
571 132
572 118
573 105
574 96
575 96
576 103
577 101
578 100
579 97
580 96
581 116
582 119
583 108
584 101
585 117
586 118
587 107
588 120
589 97
590 95
591 92
592 99
593 103
594 124
595 90
596 109
597 114
598 111
599 101
600 108
601 108
602 110
603 78
604 95
605 83
606 89
607 86
608 98
609 98
610 102
611 107
612 110
613 105
614 102
615 94
616 101
617 107
618 91
619 105
620 98
621 102
622 101
623 88
624 110
625 82
626 97
627 80
628 112
629 93
630 85
631 117
632 90
633 99
634 105
635 121
636 114
637 104
638 113
639 94
640 160
641 88
642 93
643 90
644 98
645 107
646 98
647 76
648 108
649 116
650 106
651 139
652 125
653 118
654 105
655 101
656 112
657 113
658 144
659 93
660 122
661 92
662 86
663 112
664 104
665 127
666 133
667 94
668 109
669 86
670 108
671 96
672 110
673 90
674 114
675 99
676 99
677 94
678 82
679 104
680 92
681 102
682 92
683 76
684 105
685 92
686 71
687 87
688 95
689 89
690 78
691 85
692 86
693 71
694 89
695 81
696 89
697 90
698 88
699 102
700 116
701 104
702 96
703 95
704 106
705 113
706 94
707 99
708 75
709 85
710 98
711 91
712 89
713 109
714 91
715 103
716 105
717 95
718 97
719 110
720 120
721 109
722 102
723 75
724 110
725 88
726 110
727 90
728 105
729 115
730 115
731 93
732 91
733 83
734 84
735 91
736 105
737 69
738 93
739 98
740 112
741 80
742 86
743 94
744 82
745 106
746 89
747 106
748 96
749 103
750 79
751 90
752 103
753 98
754 110
755 116
756 124
757 85
758 111
759 118
760 121
761 111
762 98
763 98
764 97
765 82
766 99
767 123
768 108
769 106
770 102
771 116
772 108
773 128
774 108
775 105
776 101
777 76
778 101
779 88
780 98
781 89
782 102
783 112
784 115
785 98
786 109
787 102
788 97
789 97
790 115
791 84
792 96
793 112
794 86
795 83
796 68
797 81
798 78
799 87
800 85
801 86
802 80
803 74
804 66
805 68
806 77
807 88
808 79
809 73
810 52
811 57
812 81
813 77
814 68
815 93
816 73
817 69
818 51
819 64
820 81
821 62
822 86
823 60
824 96
825 78
826 86
827 55
828 55
829 57
830 42
831 56
832 55
833 72
834 69
835 74
836 70
837 68
838 66
839 60
840 69
841 57
842 54
843 71
844 70
845 65
846 62
847 62
848 72
849 56
850 79
851 71
852 60
853 67
854 64
855 77
856 60
857 69
858 58
859 68
860 68
861 61
862 57
863 60
864 47
865 43
866 59
867 69
868 74
869 82
870 69
871 71
872 68
873 68
874 71
875 88
876 63
877 65
878 68
879 58
880 78
881 59
882 43
883 62
884 59
885 64
886 64
887 63
888 66
889 64
890 52
891 59
892 58
893 65
894 83
895 65
896 81
897 71
898 67
899 55
900 61
901 75
902 72
903 57
904 71
905 70
906 73
907 79
908 65
909 70
910 59
911 94
912 69
913 73
914 76
915 72
916 77
917 88
918 70
919 68
920 108
921 87
922 81
923 79
924 80
925 97
926 121
927 85
928 102
929 81
930 128
931 103
932 110
933 115
934 89
935 98
936 91
937 95
938 84
939 76
940 76
941 113
942 79
943 117
944 104
945 91
946 126
947 84
948 91
949 79
950 70
951 79
952 84
953 65
954 57
955 73
956 65
957 50
958 76
959 78
960 57
961 61
962 79
963 64
964 64
965 65
966 67
967 66
968 52
969 62
970 48
971 64
972 61
973 49
974 61
975 50
976 53
977 58
978 59
979 53
980 53
981 55
982 49
983 52
984 59
985 64
986 56
987 51
988 58
989 53
990 64
991 50
992 57
993 73
994 53
995 68
996 55
997 58
998 59
999 51
1000 50
1001 61
1002 64
1003 60
1004 63
1005 62
1006 52
1007 54
1008 83
1009 63
1010 54
1011 50
1012 61
1013 60
1014 68
1015 61
1016 55
1017 45
1018 62
1019 58
1020 56
1021 56
1022 45
1023 63
1024 68
1025 48
1026 60
1027 69
1028 60
1029 60
1030 52
1031 44
1032 52
1033 58
1034 66
1035 57
1036 55
1037 58
1038 58
1039 53
1040 47
1041 53
1042 54
1043 64
1044 62
1045 49
1046 79
1047 51
1048 42
1049 49
1050 58
1051 43
1052 50
1053 46
1054 42
1055 36
1056 48
1057 46
1058 57
1059 44
1060 45
1061 49
1062 52
1063 44
1064 64
1065 57
1066 57
1067 51
1068 57
1069 59
1070 53
1071 55
1072 65
1073 59
1074 62
1075 48
1076 48
1077 51
1078 59
1079 54
1080 50
1081 34
1082 43
1083 52
1084 34
1085 45
1086 39
1087 59
1088 53
1089 46
1090 43
1091 44
1092 44
1093 51
1094 47
1095 50
1096 65
1097 52
1098 46
1099 47
1100 49
1101 45
1102 40
1103 29
1104 47
1105 39
1106 31
1107 31
1108 46
1109 35
1110 31
1111 34
1112 29
1113 45
1114 29
1115 37
1116 42
1117 38
1118 42
1119 32
1120 30
1121 43
1122 46
1123 45
1124 45
1125 43
1126 40
1127 53
1128 45
1129 39
1130 48
1131 31
1132 40
1133 33
1134 29
1135 30
1136 41
1137 36
1138 46
1139 32
1140 49
1141 38
1142 55
1143 33
1144 38
1145 30
1146 36
1147 53
1148 28
1149 41
1150 50
1151 32
1152 35
1153 35
1154 45
1155 41
1156 28
1157 49
1158 38
1159 38
1160 41
1161 32
1162 39
1163 40
1164 45
1165 38
1166 30
1167 47
1168 50
1169 37
1170 37
1171 40
1172 41
1173 41
1174 47
1175 47
1176 47
1177 43
1178 26
1179 36
1180 29
1181 48
1182 36
1183 39
1184 49
1185 36
1186 31
1187 45
1188 39
1189 35
1190 60
1191 36
1192 52
1193 52
1194 44
1195 49
1196 55
1197 44
1198 56
1199 45
1200 56
1201 47
1202 47
1203 47
1204 55
1205 50
1206 53
1207 46
1208 35
1209 44
1210 45
1211 44
1212 46
1213 39
1214 39
1215 45
1216 47
1217 40
1218 44
1219 51
1220 45
1221 33
1222 45
1223 37
1224 42
1225 53
1226 41
1227 47
1228 41
1229 49
1230 52
1231 52
1232 51
1233 39
1234 39
1235 34
1236 57
1237 38
1238 48
1239 53
1240 45
1241 49
1242 47
1243 37
1244 43
1245 58
1246 54
1247 49
1248 55
1249 61
1250 34
1251 47
1252 59
1253 48
1254 40
1255 35
1256 47
1257 47
1258 51
1259 42
1260 42
1261 30
1262 48
1263 41
1264 38
1265 29
1266 41
1267 49
1268 43
1269 47
1270 34
1271 52
1272 61
1273 56
1274 53
1275 42
1276 40
1277 48
1278 47
1279 31
1280 54
1281 33
1282 34
1283 54
1284 32
1285 43
1286 40
1287 37
1288 56
1289 36
1290 36
1291 32
1292 36
1293 53
1294 26
1295 32
1296 45
1297 36
1298 35
1299 28
1300 38
1301 26
1302 34
1303 40
1304 31
1305 28
1306 41
1307 31
1308 40
1309 39
1310 39
1311 34
1312 39
1313 45
1314 45
1315 49
1316 37
1317 45
1318 48
1319 41
1320 31
1321 56
1322 46
1323 40
1324 39
1325 39
1326 39
1327 44
1328 42
1329 27
1330 34
1331 42
1332 42
1333 48
1334 46
1335 47
1336 28
1337 34
1338 41
1339 30
1340 33
1341 36
1342 45
1343 34
1344 27
1345 47
1346 39
1347 41
1348 32
1349 31
1350 41
1351 36
1352 33
1353 27
1354 43
1355 47
1356 41
1357 36
1358 55
1359 41
1360 57
1361 44
1362 55
1363 51
1364 36
1365 31
1366 48
1367 44
1368 44
1369 31
1370 36
1371 47
1372 42
1373 47
1374 37
1375 43
1376 38
1377 35
1378 46
1379 30
1380 43
1381 32
1382 38
1383 39
1384 34
1385 41
1386 47
1387 35
1388 27
1389 40
1390 31
1391 43
1392 40
1393 37
1394 35
1395 29
1396 34
1397 39
1398 32
1399 26
1400 39
1401 37
1402 34
1403 26
1404 24
1405 28
1406 24
1407 45
1408 31
1409 45
1410 33
1411 42
1412 36
1413 34
1414 45
1415 29
1416 49
1417 41
1418 43
1419 38
1420 34
1421 32
1422 34
1423 26
1424 24
1425 25
1426 37
1427 40
1428 33
1429 31
1430 32
1431 40
1432 39
1433 37
1434 36
1435 48
1436 33
1437 32
1438 44
1439 40
1440 51
1441 32
1442 39
1443 48
1444 43
1445 38
1446 32
1447 56
1448 43
1449 61
1450 56
1451 40
1452 56
1453 33
1454 33
1455 42
1456 44
1457 27
1458 38
1459 28
1460 40
1461 41
1462 37
1463 37
1464 39
1465 34
1466 46
1467 30
1468 34
1469 33
1470 27
1471 35
1472 33
1473 31
1474 36
1475 32
1476 25
1477 35
1478 36
1479 17
1480 37
1481 30
1482 36
1483 29
1484 16
1485 22
1486 26
1487 23
1488 30
1489 32
1490 20
1491 26
1492 27
1493 36
1494 27
1495 27
1496 28
1497 29
1498 31
1499 24
1500 30
1501 28
1502 39
1503 34
1504 22
1505 38
1506 20
1507 33
1508 27
1509 36
1510 29
1511 32
1512 23
1513 26
1514 31
1515 38
1516 37
1517 20
1518 25
1519 31
1520 26
1521 31
1522 23
1523 39
1524 30
1525 29
1526 26
1527 31
1528 22
1529 26
1530 26
1531 23
1532 37
1533 42
1534 32
1535 34
1536 23
1537 30
1538 39
1539 27
1540 35
1541 26
1542 27
1543 28
1544 23
1545 38
1546 28
1547 18
1548 32
1549 30
1550 28
1551 29
1552 18
1553 21
1554 25
1555 27
1556 39
1557 27
1558 22
1559 26
1560 25
1561 29
1562 25
1563 36
1564 28
1565 26
1566 43
1567 24
1568 32
1569 30
1570 19
1571 22
1572 13
1573 39
1574 33
1575 24
1576 29
1577 24
1578 32
1579 39
1580 30
1581 22
1582 28
1583 24
1584 29
1585 17
1586 35
1587 22
1588 30
1589 21
1590 28
1591 32
1592 24
1593 42
1594 26
1595 22
1596 23
1597 27
1598 34
1599 29
1600 29
1601 30
1602 22
1603 23
1604 22
1605 23
1606 27
1607 19
1608 24
1609 23
1610 37
1611 37
1612 28
1613 41
1614 29
1615 29
1616 27
1617 34
1618 36
1619 20
1620 26
1621 33
1622 45
1623 31
1624 36
1625 35
1626 20
1627 27
1628 33
1629 22
1630 30
1631 33
1632 27
1633 26
1634 27
1635 28
1636 34
1637 28
1638 31
1639 22
1640 25
1641 29
1642 21
1643 30
1644 28
1645 30
1646 28
1647 34
1648 25
1649 23
1650 28
1651 32
1652 17
1653 39
1654 30
1655 41
1656 30
1657 24
1658 29
1659 21
1660 22
1661 22
1662 26
1663 15
1664 20
1665 28
1666 32
1667 27
1668 21
1669 32
1670 19
1671 27
1672 28
1673 16
1674 27
1675 16
1676 27
1677 31
1678 26
1679 29
1680 29
1681 19
1682 17
1683 37
1684 23
1685 22
1686 24
1687 22
1688 18
1689 19
1690 17
1691 31
1692 27
1693 27
1694 27
1695 28
1696 21
1697 22
1698 19
1699 19
1700 17
1701 26
1702 27
1703 21
1704 18
1705 15
1706 27
1707 29
1708 23
1709 26
1710 34
1711 20
1712 26
1713 19
1714 24
1715 19
1716 31
1717 15
1718 32
1719 27
1720 25
1721 26
1722 21
1723 21
1724 31
1725 29
1726 24
1727 18
1728 26
1729 32
1730 25
1731 23
1732 21
1733 21
1734 17
1735 26
1736 28
1737 28
1738 24
1739 25
1740 22
1741 23
1742 27
1743 12
1744 19
1745 21
1746 25
1747 14
1748 14
1749 16
1750 17
1751 25
1752 14
1753 17
1754 21
1755 15
1756 13
1757 11
1758 23
1759 17
1760 13
1761 22
1762 14
1763 15
1764 21
1765 10
1766 16
1767 11
1768 18
1769 12
1770 10
1771 14
1772 15
1773 17
1774 10
1775 14
1776 10
1777 18
1778 14
1779 21
1780 13
1781 11
1782 16
1783 14
1784 10
1785 11
1786 12
1787 15
1788 10
1789 16
1790 8
1791 15
1792 15
1793 22
1794 13
1795 13
1796 21
1797 18
1798 25
1799 14
1800 19
1801 17
1802 12
1803 16
1804 20
1805 11
1806 7
1807 19
1808 12
1809 14
1810 9
1811 16
1812 21
1813 17
1814 11
1815 11
1816 8
1817 10
1818 8
1819 12
1820 12
1821 12
1822 17
1823 11
1824 11
1825 11
1826 11
1827 9
1828 10
1829 9
1830 12
1831 15
1832 15
1833 15
1834 15
1835 14
1836 13
1837 12
1838 13
1839 11
1840 10
1841 14
1842 14
1843 22
1844 10
1845 19
1846 15
1847 12
1848 15
1849 13
1850 15
1851 12
1852 13
1853 8
1854 8
1855 8
1856 14
1857 24
1858 11
1859 12
1860 11
1861 17
1862 10
1863 16
1864 12
1865 9
1866 12
1867 18
1868 15
1869 14
1870 17
1871 12
1872 20
1873 16
1874 15
1875 12
1876 10
1877 9
1878 20
1879 18
1880 10
1881 10
1882 18
1883 21
1884 20
1885 11
1886 15
1887 20
1888 15
1889 15
1890 15
1891 9
1892 10
1893 12
1894 14
1895 8
1896 10
1897 8
1898 13
1899 12
1900 9
1901 11
1902 11
1903 6
1904 17
1905 14
1906 17
1907 15
1908 18
1909 11
1910 17
1911 15
1912 11
1913 13
1914 24
1915 18
1916 16
1917 19
1918 13
1919 19
1920 16
1921 19
1922 16
1923 23
1924 33
1925 16
1926 18
1927 12
1928 19
1929 17
1930 22
1931 10
1932 17
1933 11
1934 12
1935 11
1936 14
1937 14
1938 17
1939 13
1940 12
1941 21
1942 15
1943 6
1944 11
1945 17
1946 8
1947 15
1948 16
1949 15
1950 17
1951 15
1952 17
1953 15
1954 15
1955 14
1956 12
1957 16
1958 14
1959 6
1960 13
1961 12
1962 18
1963 19
1964 11
1965 12
1966 13
1967 14
1968 13
1969 14
1970 6
1971 16
1972 12
1973 17
1974 16
1975 16
1976 16
1977 10
1978 15
1979 17
1980 16
1981 15
1982 16
1983 13
1984 10
1985 9
1986 13
1987 21
1988 19
1989 12
1990 11
1991 8
1992 8
1993 14
1994 6
1995 18
1996 16
1997 13
1998 13
1999 7
2000 14
2001 16
2002 10
2003 18
2004 14
2005 20
2006 18
2007 21
2008 15
2009 16
2010 9
2011 14
2012 9
2013 12
2014 15
2015 11
2016 9
2017 9
2018 8
2019 9
2020 14
2021 10
2022 14
2023 10
2024 16
2025 18
2026 14
2027 14
2028 8
2029 8
2030 11
2031 7
2032 17
2033 22
2034 16
2035 20
2036 9
2037 14
2038 12
2039 11
2040 17
2041 11
2042 12
2043 11
2044 11
2045 18
2046 6
2047 13
2048 12
2049 11
2050 16
2051 14
2052 15
2053 15
2054 14
2055 12
2056 13
2057 11
2058 11
2059 18
2060 7
2061 16
2062 16
2063 12
2064 14
2065 8
2066 17
2067 6
2068 14
2069 14
2070 13
2071 13
2072 14
2073 6
2074 15
2075 10
2076 17
2077 8
2078 6
2079 15
2080 12
2081 9
2082 10
2083 9
2084 12
2085 11
2086 10
2087 20
2088 11
2089 9
2090 12
2091 17
2092 9
2093 12
2094 14
2095 15
2096 10
2097 6
2098 10
2099 14
2100 13
2101 9
2102 17
2103 15
2104 9
2105 12
2106 9
2107 10
2108 6
2109 10
2110 9
2111 7
2112 7
2113 9
2114 13
2115 10
2116 13
2117 11
2118 14
2119 9
2120 22
2121 17
2122 11
2123 13
2124 6
2125 6
2126 11
2127 18
2128 16
2129 9
2130 11
2131 13
2132 14
2133 8
2134 14
2135 10
2136 4
2137 6
2138 13
2139 5
2140 13
2141 14
2142 9
2143 3
2144 4
2145 9
2146 5
2147 13
2148 9
2149 11
2150 11
2151 11
2152 9
2153 14
2154 11
2155 12
2156 8
2157 11
2158 9
2159 10
2160 7
2161 11
2162 11
2163 8
2164 12
2165 13
2166 10
2167 9
2168 9
2169 12
2170 9
2171 10
2172 13
2173 14
2174 16
2175 15
2176 10
2177 10
2178 7
2179 10
2180 7
2181 13
2182 13
2183 10
2184 6
2185 11
2186 9
2187 7
2188 6
2189 10
2190 6
2191 4
2192 9
2193 9
2194 10
2195 13
2196 9
2197 8
2198 12
2199 11
2200 6
2201 18
2202 17
2203 15
2204 16
2205 12
2206 17
2207 9
2208 11
2209 5
2210 8
2211 15
2212 10
2213 13
2214 12
2215 5
2216 16
2217 8
2218 12
2219 10
2220 6
2221 4
2222 5
2223 5
2224 6
2225 8
2226 4
2227 6
2228 11
2229 14
2230 6
2231 10
2232 19
2233 15
2234 5
2235 14
2236 6
2237 8
2238 11
2239 13
2240 7
2241 8
2242 11
2243 10
2244 11
2245 13
2246 10
2247 12
2248 10
2249 15
2250 9
2251 7
2252 13
2253 7
2254 9
2255 16
2256 10
2257 10
2258 12
2259 6
2260 8
2261 17
2262 8
2263 13
2264 8
2265 12
2266 14
2267 15
2268 12
2269 15
2270 8
2271 14
2272 7
2273 16
2274 12
2275 13
2276 13
2277 9
2278 12
2279 12
2280 7
2281 16
2282 12
2283 11
2284 9
2285 15
2286 12
2287 14
2288 10
2289 13
2290 5
2291 7
2292 19
2293 9
2294 8
2295 7
2296 11
2297 12
2298 14
2299 11
2300 15
2301 16
2302 13
2303 15
2304 6
2305 9
2306 12
2307 8
2308 10
2309 2
2310 9
2311 5
2312 10
2313 11
2314 10
2315 8
2316 7
2317 4
2318 8
2319 7
2320 4
2321 8
2322 5
2323 9
2324 10
2325 17
2326 8
2327 7
2328 9
2329 12
2330 8
2331 8
2332 13
2333 11
2334 8
2335 11
2336 3
2337 11
2338 9
2339 10
2340 10
2341 7
2342 8
2343 6
2344 14
2345 15
2346 10
2347 8
2348 8
2349 13
2350 4
2351 3
2352 4
2353 6
2354 8
2355 8
2356 3
2357 12
2358 6
2359 7
2360 12
2361 11
2362 9
2363 10
2364 10
2365 10
2366 7
2367 13
2368 7
2369 11
2370 6
2371 6
2372 13
2373 13
2374 10
2375 8
2376 11
2377 13
2378 10
2379 9
2380 6
2381 8
2382 12
2383 10
2384 13
2385 5
2386 4
2387 11
2388 4
2389 6
2390 7
2391 9
2392 10
2393 9
2394 9
2395 12
2396 2
2397 13
2398 14
2399 3
2400 10
2401 11
2402 7
2403 11
2404 11
2405 15
2406 16
2407 6
2408 15
2409 10
2410 8
2411 11
2412 18
2413 9
2414 3
2415 10
2416 9
2417 12
2418 15
2419 12
2420 13
2421 17
2422 22
2423 10
2424 13
2425 9
2426 12
2427 9
2428 11
2429 11
2430 4
2431 9
2432 14
2433 10
2434 13
2435 6
2436 11
2437 16
2438 14
2439 12
2440 15
2441 13
2442 9
2443 7
2444 18
2445 11
2446 16
2447 7
2448 11
2449 8
2450 20
2451 11
2452 9
2453 9
2454 5
2455 5
2456 7
2457 9
2458 12
2459 13
2460 12
2461 10
2462 6
2463 10
2464 12
2465 7
2466 11
2467 14
2468 8
2469 9
2470 12
2471 8
2472 6
2473 9
2474 14
2475 11
2476 11
2477 14
2478 9
2479 8
2480 8
2481 6
2482 15
2483 8
2484 12
2485 9
2486 12
2487 11
2488 15
2489 8
2490 13
2491 11
2492 9
2493 10
2494 14
2495 9
2496 11
2497 11
2498 11
2499 9
2500 6
2501 14
2502 5
2503 9
2504 7
2505 11
2506 6
2507 6
2508 7
2509 10
2510 12
2511 7
2512 11
2513 3
2514 8
2515 9
2516 5
2517 4
2518 7
2519 12
2520 10
2521 8
2522 11
2523 11
2524 9
2525 8
2526 12
2527 13
2528 12
2529 9
2530 11
2531 14
2532 9
2533 6
2534 6
2535 3
2536 7
2537 12
2538 12
2539 5
2540 8
2541 8
2542 9
2543 12
2544 8
2545 8
2546 7
2547 12
2548 3
2549 4
2550 10
2551 9
2552 7
2553 11
2554 12
2555 11
2556 3
2557 6
2558 6
2559 7
2560 11
2561 8
2562 9
2563 10
2564 5
2565 12
2566 8
2567 6
2568 5
2569 9
2570 9
2571 13
2572 8
2573 11
2574 6
2575 9
2576 8
2577 8
2578 7
2579 8
2580 11
2581 7
2582 8
2583 10
2584 8
2585 5
2586 6
2587 6
2588 11
2589 6
2590 15
2591 6
2592 14
2593 11
2594 8
2595 9
2596 6
2597 10
2598 6
2599 7
2600 4
2601 9
2602 5
2603 13
2604 6
2605 7
2606 12
2607 13
2608 10
2609 11
2610 12
2611 8
2612 12
2613 14
2614 10
2615 7
2616 10
2617 4
2618 5
2619 4
2620 5
2621 8
2622 10
2623 9
2624 13
2625 3
2626 5
2627 6
2628 12
2629 8
2630 9
2631 12
2632 6
2633 7
2634 6
2635 9
2636 10
2637 9
2638 9
2639 10
2640 7
2641 7
2642 8
2643 10
2644 5
2645 14
2646 5
2647 7
2648 8
2649 7
2650 11
2651 6
2652 8
2653 8
2654 6
2655 7
2656 10
2657 6
2658 6
2659 8
2660 7
2661 5
2662 5
2663 7
2664 7
2665 5
2666 9
2667 7
2668 8
2669 6
2670 6
2671 7
2672 5
2673 11
2674 7
2675 5
2676 4
2677 8
2678 10
2679 10
2680 13
2681 8
2682 5
2683 8
2684 8
2685 8
2686 6
2687 5
2688 11
2689 8
2690 4
2691 6
2692 5
2693 7
2694 9
2695 6
2696 6
2697 3
2698 6
2699 2
2700 8
2701 4
2702 7
2703 9
2704 8
2705 9
2706 14
2707 5
2708 2
2709 5
2710 8
2711 3
2712 6
2713 7
2714 7
2715 7
2716 2
2717 7
2718 8
2719 9
2720 8
2721 10
2722 5
2723 11
2724 7
2725 10
2726 9
2727 9
2728 7
2729 4
2730 16
2731 18
2732 13
2733 9
2734 7
2735 13
2736 9
2737 12
2738 11
2739 14
2740 10
2741 12
2742 11
2743 14
2744 11
2745 12
2746 6
2747 5
2748 5
2749 6
2750 10
2751 11
2752 10
2753 5
2754 8
2755 4
2756 5
2757 6
2758 10
2759 5
2760 7
2761 10
2762 8
2763 7
2764 11
2765 7
2766 6
2767 4
2768 8
2769 9
2770 6
2771 8
2772 5
2773 10
2774 10
2775 8
2776 8
2777 4
2778 9
2779 11
2780 13
2781 5
2782 10
2783 5
2784 7
2785 16
2786 6
2787 5
2788 10
2789 6
2790 6
2791 7
2792 9
2793 8
2794 12
2795 10
2796 4
2797 7
2798 5
2799 13
2800 10
2801 10
2802 10
2803 8
2804 11
2805 9
2806 5
2807 6
2808 9
2809 6
2810 7
2811 6
2812 7
2813 14
2814 8
2815 6
2816 8
2817 8
2818 10
2819 7
2820 7
2821 6
2822 7
2823 6
2824 5
2825 8
2826 10
2827 9
2828 6
2829 9
2830 10
2831 8
2832 9
2833 6
2834 15
2835 10
2836 11
2837 13
2838 4
2839 12
2840 15
2841 10
2842 7
2843 12
2844 8
2845 12
2846 8
2847 4
2848 9
2849 5
2850 5
2851 13
2852 8
2853 9
2854 8
2855 12
2856 9
2857 6
2858 8
2859 17
2860 10
2861 10
2862 11
2863 6
2864 7
2865 6
2866 10
2867 7
2868 2
2869 3
2870 6
2871 5
2872 7
2873 8
2874 6
2875 6
2876 9
2877 2
2878 13
2879 8
2880 5
2881 4
2882 15
2883 5
2884 13
2885 3
2886 4
2887 7
2888 4
2889 6
2890 4
2891 5
2892 4
2893 4
2894 5
2895 5
2896 8
2897 9
2898 4
2899 6
2900 5
2901 7
2902 11
2903 5
2904 11
2905 5
2906 7
2907 8
2908 11
2909 3
2910 8
2911 9
2912 5
2913 7
2914 10
2915 3
2916 5
2917 3
2918 4
2919 10
2920 8
2921 10
2922 10
2923 2
2924 14
2925 7
2926 6
2927 11
2928 10
2929 11
2930 9
2931 6
2932 3
2933 4
2934 14
2935 6
2936 12
2937 11
2938 5
2939 14
2940 13
2941 2
2942 7
2943 8
2944 10
2945 8
2946 7
2947 2
2948 10
2949 5
2950 7
2951 10
2952 9
2953 12
2954 14
2955 10
2956 7
2957 13
2958 7
2959 12
2960 7
2961 11
2962 11
2963 12
2964 7
2965 17
2966 10
2967 13
2968 10
2969 5
2970 10
2971 13
2972 9
2973 11
2974 8
2975 12
2976 14
2977 15
2978 10
2979 5
2980 10
2981 9
2982 7
2983 10
2984 15
2985 12
2986 9
2987 10
2988 14
2989 10
2990 9
2991 16
2992 16
2993 8
2994 9
2995 6
2996 10
2997 12
2998 6
2999 6
3000 7
3001 9
3002 10
3003 9
3004 11
3005 9
3006 8
3007 8
3008 10
3009 8
3010 11
3011 12
3012 7
3013 9
3014 12
3015 5
3016 11
3017 10
3018 8
3019 10
3020 6
3021 4
3022 9
3023 15
3024 8
3025 9
3026 15
3027 7
3028 6
3029 10
3030 15
3031 5
3032 9
3033 9
3034 12
3035 8
3036 5
3037 3
3038 6
3039 4
3040 9
3041 5
3042 11
3043 7
3044 9
3045 8
3046 9
3047 10
3048 5
3049 4
3050 11
3051 8
3052 11
3053 10
3054 10
3055 14
3056 15
3057 4
3058 2
3059 9
3060 6
3061 8
3062 5
3063 5
3064 5
3065 7
3066 7
3067 4
3068 5
3069 8
3070 8
3071 7
3072 9
3073 11
3074 13
3075 8
3076 12
3077 8
3078 4
3079 8
3080 8
3081 4
3082 7
3083 11
3084 7
3085 7
3086 6
3087 5
3088 13
3089 7
3090 5
3091 8
3092 6
3093 5
3094 8
3095 9
3096 7
3097 3
3098 4
3099 8
3100 7
3101 8
3102 15
3103 10
3104 5
3105 8
3106 16
3107 8
3108 15
3109 8
3110 12
3111 8
3112 8
3113 10
3114 5
3115 13
3116 3
3117 6
3118 6
3119 7
3120 9
3121 5
3122 10
3123 12
3124 11
3125 9
3126 9
3127 10
3128 6
3129 7
3130 3
3131 8
3132 11
3133 8
3134 4
3135 9
3136 9
3137 2
3138 8
3139 8
3140 8
3141 4
3142 6
3143 7
3144 8
3145 9
3146 9
3147 5
3148 7
3149 7
3150 11
3151 13
3152 4
3153 10
3154 9
3155 4
3156 9
3157 9
3158 4
3159 6
3160 9
3161 9
3162 7
3163 9
3164 11
3165 12
3166 6
3167 8
3168 8
3169 6
3170 11
3171 2
3172 11
3173 10
3174 6
3175 7
3176 10
3177 7
3178 9
3179 7
3180 8
3181 10
3182 8
3183 11
3184 11
3185 9
3186 6
3187 6
3188 7
3189 5
3190 7
3191 10
3192 8
3193 9
3194 13
3195 9
3196 17
3197 9
3198 11
3199 5
3200 4
3201 4
3202 11
3203 7
3204 3
3205 9
3206 8
3207 9
3208 8
3209 12
3210 12
3211 5
3212 6
3213 9
3214 6
3215 9
3216 10
3217 10
3218 8
3219 8
3220 3
3221 11
3222 9
3223 7
3224 8
3225 7
3226 10
3227 5
3228 7
3229 11
3230 8
3231 5
3232 10
3233 12
3234 5
3235 6
3236 16
3237 7
3238 7
3239 10
3240 6
3241 11
3242 6
3243 12
3244 4
3245 7
3246 6
3247 7
3248 6
3249 7
3250 5
3251 7
3252 5
3253 13
3254 4
3255 7
3256 7
3257 2
3258 14
3259 7
3260 6
3261 9
3262 8
3263 3
3264 9
3265 7
3266 11
3267 7
3268 10
3269 6
3270 7
3271 8
3272 7
3273 4
3274 7
3275 6
3276 6
3277 8
3278 5
3279 2
3280 3
3281 4
3282 3
3283 8
3284 7
3285 2
3286 9
3287 9
3288 11
3289 7
3290 9
3291 5
3292 2
3293 9
3294 5
3295 12
3296 12
3297 6
3298 3
3299 6
3300 6
3301 10
3302 6
3303 8
3304 6
3305 4
3306 8
3307 11
3308 6
3309 7
3310 9
3311 7
3312 10
3313 5
3314 6
3315 6
3316 4
3317 3
3318 3
3319 13
3320 4
3321 10
3322 6
3323 3
3324 6
3325 4
3326 13
3327 10
3328 3
3329 4
3330 8
3331 1
3332 7
3333 7
3334 4
3335 5
3336 10
3337 6
3338 13
3339 5
3340 11
3341 5
3342 6
3343 7
3344 5
3345 5
3346 4
3347 4
3348 5
3349 7
3350 5
3351 2
3352 3
3353 5
3354 7
3355 8
3356 3
3357 8
3358 5
3359 7
3360 12
3361 14
3362 3
3363 8
3364 9
3365 5
3366 4
3367 4
3368 8
3369 3
3370 6
3371 8
3372 10
3373 2
3374 4
3375 9
3376 5
3377 10
3378 5
3379 7
3380 5
3381 6
3382 4
3383 5
3384 3
3385 7
3386 2
3387 3
3388 5
3389 5
3390 5
3391 7
3392 8
3393 3
3394 8
3395 7
3396 10
3397 4
3398 9
3399 9
3400 8
3401 9
3402 9
3403 11
3404 9
3405 11
3406 5
3407 4
3408 7
3409 7
3410 5
3411 8
3412 5
3413 5
3414 7
3415 10
3416 5
3417 9
3418 5
3419 6
3420 5
3421 6
3422 11
3423 10
3424 7
3425 9
3426 8
3427 6
3428 8
3429 4
3430 9
3431 12
3432 7
3433 3
3434 8
3435 3
3436 6
3437 6
3438 8
3439 6
3440 7
3441 2
3442 6
3443 5
3444 3
3445 4
3446 6
3447 5
3448 5
3449 10
3450 7
3451 7
3452 6
3453 3
3454 8
3455 7
3456 4
3457 5
3458 5
3459 8
3460 2
3461 5
3462 5
3463 6
3464 6
3465 8
3466 12
3467 12
3468 6
3469 10
3470 13
3471 5
3472 5
3473 10
3474 8
3475 7
3476 6
3477 9
3478 10
3479 8
3480 6
3481 11
3482 8
3483 6
3484 6
3485 6
3486 10
3487 6
3488 9
3489 6
3490 8
3491 11
3492 3
3493 7
3494 3
3495 4
3496 10
3497 6
3498 9
3499 3
3500 12
3501 10
3502 6
3503 3
3504 9
3505 5
3506 11
3507 7
3508 9
3509 7
3510 6
3511 8
3512 8
3513 4
3514 7
3515 6
3516 4
3517 5
3518 8
3519 6
3520 7
3521 6
3522 5
3523 8
3524 1
3525 5
3526 3
3527 8
3528 5
3529 11
3530 7
3531 7
3532 8
3533 8
3534 10
3535 7
3536 7
3537 6
3538 6
3539 10
3540 9
3541 7
3542 4
3543 6
3544 11
3545 5
3546 6
3547 7
3548 3
3549 6
3550 9
3551 6
3552 3
3553 7
3554 9
3555 8
3556 6
3557 6
3558 6
3559 11
3560 11
3561 4
3562 6
3563 6
3564 5
3565 6
3566 6
3567 10
3568 6
3569 8
3570 6
3571 4
3572 6
3573 3
3574 6
3575 3
3576 4
3577 5
3578 6
3579 2
3580 3
3581 8
3582 8
3583 6
3584 9
3585 8
3586 7
3587 11
3588 9
3589 2
3590 8
3591 8
3592 2
3593 9
3594 10
3595 7
3596 8
3597 5
3598 9
3599 6
3600 8
3601 8
3602 8
3603 7
3604 5
3605 8
3606 2
3607 4
3608 14
3609 12
3610 6
3611 6
3612 6
3613 5
3614 10
3615 6
3616 7
3617 8
3618 4
3619 4
3620 12
3621 5
3622 7
3623 3
3624 9
3625 18
3626 11
3627 7
3628 8
3629 8
3630 7
3631 10
3632 16
3633 4
3634 5
3635 6
3636 12
3637 14
3638 8
3639 8
3640 16
3641 11
3642 13
3643 11
3644 8
3645 6
3646 9
3647 9
3648 10
3649 8
3650 11
3651 16
3652 9
3653 12
3654 13
3655 10
3656 2
3657 7
3658 11
3659 8
3660 13
3661 10
3662 7
3663 8
3664 8
3665 13
3666 5
3667 8
3668 8
3669 7
3670 6
3671 13
3672 7
3673 6
3674 9
3675 7
3676 11
3677 7
3678 4
3679 9
3680 9
3681 4
3682 9
3683 9
3684 4
3685 8
3686 9
3687 6
3688 5
3689 8
3690 7
3691 6
3692 2
3693 7
3694 5
3695 4
3696 6
3697 6
3698 7
3699 8
3700 5
3701 7
3702 12
3703 11
3704 10
3705 8
3706 8
3707 4
3708 7
3709 6
3710 7
3711 4
3712 4
3713 8
3714 9
3715 5
3716 7
3717 7
3718 5
3719 4
3720 10
3721 4
3722 2
3723 10
3724 8
3725 7
3726 10
3727 5
3728 6
3729 6
3730 7
3731 12
3732 3
3733 5
3734 8
3735 6
3736 13
3737 10
3738 10
3739 15
3740 5
3741 13
3742 5
3743 5
3744 8
3745 15
3746 5
3747 7
3748 2
3749 8
3750 7
3751 4
3752 9
3753 5
3754 4
3755 5
3756 1
3757 3
3758 4
3759 7
3760 7
3761 5
3762 4
3763 3
3764 5
3765 5
3766 5
3767 1
3768 4
3769 6
3770 3
3771 7
3772 4
3773 9
3774 4
3775 7
3776 9
3777 10
3778 12
3779 5
3780 8
3781 9
3782 3
3783 3
3784 5
3785 4
3786 9
3787 6
3788 11
3789 10
3790 6
3791 3
3792 6
3793 8
3794 6
3795 6
3796 7
3797 8
3798 6
3799 8
3800 5
3801 8
3802 7
3803 11
3804 8
3805 8
3806 9
3807 5
3808 9
3809 3
3810 8
3811 10
3812 11
3813 7
3814 3
3815 1
3816 8
3817 1
3818 7
3819 3
3820 5
3821 7
3822 4
3823 3
3824 1
3825 5
3826 7
3827 4
3828 6
3829 7
3830 5
3831 6
3832 4
3833 4
3834 4
3835 4
3836 4
3837 6
3838 2
3839 4
3840 3
3841 4
3842 4
3843 7
3844 4
3845 4
3846 5
3847 4
3848 6
3849 4
3850 5
3851 7
3852 2
3853 10
3854 1
3855 5
3856 2
3857 6
3858 1
3859 4
3860 5
3861 9
3862 7
3863 5
3864 2
3865 7
3866 4
3867 6
3868 7
3869 5
3870 4
3871 3
3872 4
3873 6
3874 3
3875 4
3876 4
3877 6
3878 3
3879 7
3880 1
3881 4
3882 5
3883 5
3884 6
3885 2
3886 1
3887 4
3888 6
3889 5
3890 4
3891 3
3892 5
3893 10
3894 3
3895 5
3896 1
3897 7
3898 1
3900 5
3901 6
3902 2
3903 3
3904 3
3905 5
3906 4
3907 6
3908 5
3909 3
3910 6
3911 4
3912 5
3913 7
3914 3
3915 3
3916 7
3917 1
3918 7
3919 3
3920 3
3921 1
3922 4
3923 5
3924 5
3925 3
3926 1
3927 5
3928 2
3929 2
3930 2
3931 7
3932 5
3933 5
3934 3
3935 6
3936 3
3937 2
3938 5
3939 4
3940 4
3941 7
3942 2
3943 5
3944 5
3945 3
3947 4
3948 2
3949 3
3950 2
3951 1
3952 3
3953 6
3954 3
3955 4
3956 2
3957 2
3958 5
3959 3
3960 2
3961 5
3962 5
3963 8
3964 3
3965 1
3966 2
3967 8
3968 2
3969 6
3970 6
3971 2
3972 5
3973 3
3974 4
3975 5
3976 6
3977 2
3978 6
3979 6
3980 5
3981 4
3983 6
3984 7
3985 2
3986 6
3987 4
3988 1
3989 1
3990 6
3991 2
3992 5
3993 1
3994 3
3995 7
3996 3
3997 1
3998 3
3999 4
4000 5
4001 4
4002 3
4003 2
4004 2
4005 5
4006 5
4007 5
4008 5
4009 3
4010 3
4011 2
4012 3
4013 2
4014 5
4015 2
4016 2
4017 1
4018 8
4019 6
4020 4
4021 2
4022 2
4023 5
4024 3
4025 1
4026 3
4027 3
4028 3
4029 7
4030 4
4031 3
4032 1
4033 3
4034 7
4035 6
4036 3
4037 4
4038 2
4039 9
4040 2
4041 3
4042 3
4043 5
4044 1
4045 1
4046 4
4047 1
4048 1
4049 4
4050 2
4051 5
4052 3
4053 4
4054 5
4055 4
4056 1
4057 3
4058 4
4059 5
4060 4
4061 4
4062 2
4063 9
4064 4
4065 7
4066 2
4067 6
4068 1
4069 4
4070 3
4071 5
4072 4
4073 5
4074 5
4075 4
4076 4
4077 3
4078 4
4079 6
4080 4
4081 4
4082 2
4083 4
4084 2
4085 3
4086 2
4087 4
4088 2
4089 8
4090 3
4091 5
4092 5
4093 7
4094 3
4095 2
4096 3
4097 3
4098 8
4099 3
4100 3
4101 2
4102 5
4103 4
4104 5
4105 4
4106 3
4107 6
4108 2
4109 4
4111 1
4112 4
4113 3
4114 5
4115 3
4116 5
4117 3
4118 5
4119 6
4120 3
4121 2
4122 2
4123 5
4124 3
4125 4
4126 3
4127 1
4128 3
4129 4
4130 7
4131 5
4132 3
4133 4
4134 5
4135 3
4136 9
4137 5
4138 2
4139 3
4140 6
4141 4
4142 4
4143 5
4144 4
4145 4
4146 4
4147 6
4148 3
4149 8
4150 4
4151 3
4152 3
4153 8
4154 4
4155 8
4158 4
4159 3
4160 4
4161 3
4162 3
4163 1
4164 1
4165 2
4166 1
4167 2
4168 2
4170 1
4171 2
4172 5
4173 6
4174 5
4175 2
4176 5
4177 3
4178 2
4179 1
4180 6
4181 2
4182 1
4183 3
4184 5
4185 2
4187 4
4188 4
4189 4
4190 5
4191 5
4192 4
4193 4
4194 1
4196 5
4198 4
4199 2
4200 1
4201 4
4202 4
4203 4
4204 4
4205 4
4206 1
4207 1
4208 5
4209 2
4210 3
4212 4
4213 2
4214 1
4215 5
4216 4
4217 6
4218 4
4219 2
4220 1
4221 1
4222 2
4223 3
4224 3
4225 5
4226 6
4227 5
4228 3
4229 6
4230 8
4231 3
4232 4
4234 2
4235 3
4236 1
4237 4
4238 4
4239 4
4240 3
4241 3
4242 1
4243 3
4244 3
4245 1
4247 2
4248 2
4249 2
4250 3
4251 2
4252 5
4253 4
4255 2
4256 2
4257 4
4258 3
4259 2
4260 2
4261 5
4262 6
4263 5
4264 2
4265 3
4266 4
4267 2
4268 7
4269 2
4270 1
4271 2
4272 6
4273 7
4274 5
4275 2
4276 8
4277 4
4278 1
4279 1
4280 3
4281 1
4282 3
4283 3
4284 2
4286 3
4287 3
4288 2
4289 3
4290 4
4291 2
4293 3
4294 5
4295 7
4296 2
4297 3
4298 4
4299 2
4300 5
4301 2
4302 2
4303 5
4305 3
4306 5
4307 4
4308 4
4309 1
4310 3
4311 2
4312 1
4313 1
4314 1
4315 4
4316 3
4317 2
4318 3
4319 2
4320 5
4321 3
4323 1
4324 2
4325 2
4326 2
4327 5
4328 3
4329 1
4330 3
4332 1
4333 1
4334 2
4335 3
4336 1
4337 6
4338 1
4340 1
4341 2
4342 4
4343 3
4344 3
4345 2
4346 6
4347 1
4349 3
4350 2
4351 4
4352 3
4353 1
4354 2
4355 2
4356 5
4357 6
4358 2
4359 3
4360 1
4361 1
4362 3
4363 2
4364 4
4365 1
4366 2
4367 2
4368 2
4369 1
4370 1
4371 1
4372 1
4373 2
4374 3
4375 3
4377 2
4378 3
4379 1
4380 4
4381 4
4382 3
4383 2
4384 1
4385 3
4386 4
4387 2
4388 4
4389 6
4391 4
4393 3
4394 2
4395 4
4396 4
4397 3
4398 1
4399 1
4400 6
4401 2
4402 7
4403 1
4404 2
4406 1
4407 2
4408 4
4409 3
4410 3
4411 1
4412 4
4413 3
4414 2
4415 3
4416 3
4417 2
4418 2
4419 3
4420 2
4421 3
4423 4
4424 3
4425 3
4426 1
4427 2
4428 3
4429 1
4430 2
4431 2
4432 3
4433 2
4434 6
4435 4
4436 2
4439 3
4440 1
4441 2
4442 6
4443 2
4445 2
4446 2
4447 1
4448 3
4449 4
4450 3
4451 5
4453 1
4454 2
4455 1
4456 4
4457 5
4458 3
4459 1
4460 3
4461 2
4462 1
4463 4
4464 2
4465 4
4466 2
4467 2
4468 1
4469 2
4470 2
4471 1
4472 3
4473 1
4474 4
4476 1
4477 1
4478 3
4480 1
4481 4
4482 2
4483 7
4484 7
4485 2
4486 1
4487 2
4488 6
4489 5
4490 2
4491 4
4492 8
4493 3
4494 3
4495 3
4496 2
4497 9
4498 3
4499 5
4500 1
4501 3
4502 3
4503 7
4504 4
4505 2
4506 4
4507 3
4508 3
4509 2
4510 1
4511 4
4512 2
4513 3
4514 4
4515 2
4516 4
4517 4
4518 4
4519 2
4520 2
4521 1
4522 6
4523 5
4524 2
4525 3
4526 2
4527 3
4528 1
4529 2
4530 3
4531 2
4532 3
4533 1
4535 5
4536 1
4537 2
4538 1
4539 3
4540 4
4541 4
4542 3
4543 4
4544 3
4545 2
4546 1
4547 1
4548 2
4549 2
4550 5
4551 2
4552 3
4553 2
4554 5
4555 5
4556 5
4557 1
4558 2
4559 1
4560 4
4561 4
4562 1
4563 4
4564 1
4565 2
4566 1
4567 3
4568 2
4569 3
4570 1
4571 3
4572 2
4573 1
4574 2
4575 1
4576 2
4577 4
4579 1
4580 7
4581 2
4582 1
4583 2
4585 1
4586 4
4588 1
4589 1
4590 2
4591 2
4592 3
4593 2
4594 2
4595 3
4596 1
4597 1
4598 2
4599 2
4600 1
4602 2
4603 1
4604 2
4605 3
4606 1
4607 2
4608 2
4609 2
4610 5
4611 4
4612 1
4613 5
4616 1
4617 1
4618 1
4619 2
4620 3
4622 6
4623 5
4625 2
4626 2
4627 1
4628 4
4629 1
4630 4
4631 1
4632 1
4633 1
4634 2
4635 2
4639 4
4640 2
4641 5
4642 2
4643 2
4644 1
4646 2
4647 1
4649 4
4651 3
4652 3
4653 3
4654 3
4655 3
4656 2
4657 2
4658 2
4659 1
4660 1
4661 3
4662 1
4665 1
4666 2
4667 1
4668 4
4670 1
4671 4
4672 4
4673 1
4674 6
4675 2
4676 5
4677 1
4679 2
4680 3
4681 3
4682 2
4683 2
4685 3
4687 2
4688 2
4689 3
4690 2
4692 3
4693 1
4694 2
4695 2
4696 3
4697 3
4698 2
4699 3
4700 3
4701 1
4703 5
4704 3
4705 2
4706 3
4707 3
4708 4
4709 3
4710 1
4712 2
4713 3
4714 4
4715 3
4716 3
4717 1
4718 2
4719 2
4720 2
4721 4
4722 1
4723 4
4724 2
4725 3
4726 4
4728 2
4729 2
4730 1
4731 2
4732 4
4733 2
4734 2
4735 1
4736 1
4737 1
4738 1
4739 4
4740 3
4741 1
4744 2
4745 3
4746 3
4747 4
4748 1
4749 3
4751 3
4753 4
4754 2
4755 1
4756 2
4757 1
4758 2
4760 2
4762 2
4763 1
4764 6
4765 3
4768 2
4769 1
4770 1
4771 1
4772 1
4773 2
4774 4
4775 3
4776 4
4777 2
4778 3
4779 2
4780 1
4781 2
4783 2
4784 3
4785 1
4786 1
4787 3
4788 1
4789 1
4790 2
4791 2
4792 4
4793 2
4795 1
4796 1
4797 4
4799 1
4800 2
4801 1
4802 1
4803 3
4804 1
4805 1
4806 1
4807 3
4808 1
4809 3
4810 2
4812 3
4813 2
4814 4
4815 2
4816 1
4818 4
4819 1
4820 1
4821 2
4822 2
4824 1
4825 3
4826 1
4827 4
4828 1
4830 3
4831 1
4832 2
4833 1
4834 5
4835 2
4836 4
4837 3
4838 4
4839 1
4840 1
4842 3
4843 1
4844 1
4845 2
4846 1
4847 6
4848 2
4849 4
4850 1
4852 3
4853 4
4854 2
4855 3
4856 3
4857 1
4858 4
4859 2
4860 6
4861 4
4863 2
4864 2
4865 1
4866 5
4867 3
4868 3
4869 3
4870 4
4871 3
4872 1
4873 4
4874 3
4875 3
4876 2
4877 4
4878 2
4879 5
4882 3
4883 3
4884 3
4885 1
4886 1
4887 3
4888 1
4889 1
4890 3
4891 3
4892 1
4893 2
4894 2
4895 2
4896 4
4897 2
4898 3
4899 4
4900 5
4901 3
4902 2
4903 2
4904 3
4905 1
4906 1
4907 2
4908 4
4909 3
4910 3
4911 3
4912 3
4913 2
4914 3
4915 2
4916 1
4917 5
4918 3
4919 3
4920 1
4921 2
4922 2
4923 2
4925 2
4926 1
4927 3
4929 4
4930 1
4931 1
4932 2
4933 3
4934 4
4935 1
4936 1
4937 4
4939 4
4940 4
4941 3
4942 1
4943 1
4944 3
4945 1
4946 2
4948 2
4949 1
4951 2
4952 4
4953 2
4954 1
4955 4
4956 4
4957 5
4959 5
4961 2
4963 1
4964 2
4965 1
4966 2
4967 4
4968 2
4969 6
4970 3
4972 3
4973 2
4974 2
4975 2
4976 1
4978 3
4979 3
4980 2
4981 1
4983 2
4984 3
4985 3
4986 3
4987 1
4988 4
4989 3
4991 4
4992 2
4993 1
4994 3
4995 2
4996 1
4997 1
4998 2
4999 3
5000 3
5001 1
5003 2
5004 1
5005 4
5006 1
5008 4
5009 2
5010 5
5012 3
5013 2
5014 1
5015 1
5016 3
5017 3
5018 1
5019 2
5020 4
5021 4
5022 2
5024 1
5026 1
5027 1
5028 3
5029 4
5031 1
5032 1
5033 2
5034 1
5035 1
5036 3
5037 3
5038 2
5039 1
5040 4
5041 2
5042 1
5044 3
5045 1
5046 1
5047 2
5048 1
5050 2
5051 3
5052 4
5053 4
5054 2
5056 1
5057 1
5058 2
5060 2
5061 2
5062 4
5063 2
5064 2
5065 2
5067 1
5069 1
5070 4
5071 1
5072 2
5073 5
5074 1
5075 1
5076 1
5077 2
5078 2
5079 3
5080 4
5081 2
5082 2
5083 5
5085 5
5086 2
5087 4
5088 3
5089 2
5091 3
5093 1
5094 5
5095 6
5099 3
5100 5
5101 1
5102 2
5103 5
5104 2
5105 3
5106 2
5107 2
5109 1
5110 2
5111 4
5112 4
5113 4
5116 3
5117 5
5118 1
5119 3
5120 3
5121 2
5122 1
5123 2
5124 1
5125 3
5127 5
5128 1
5129 3
5130 5
5131 1
5132 3
5133 3
5134 1
5136 2
5137 2
5138 2
5139 3
5140 2
5141 1
5142 1
5144 1
5145 5
5146 8
5147 4
5148 3
5149 2
5150 2
5151 5
5152 2
5153 1
5154 2
5155 1
5156 6
5157 1
5158 2
5159 2
5160 2
5162 3
5163 3
5164 4
5165 7
5166 4
5167 1
5169 2
5170 2
5171 2
5172 3
5173 1
5174 2
5175 5
5176 6
5177 3
5178 4
5179 2
5180 2
5181 7
5182 6
5183 1
5185 4
5186 1
5187 3
5188 2
5189 3
5191 4
5192 2
5193 3
5194 1
5195 1
5196 1
5197 1
5199 2
5200 1
5201 5
5202 3
5203 1
5204 3
5205 2
5206 3
5207 1
5208 2
5209 2
5210 3
5211 4
5212 3
5213 4
5215 1
5216 3
5217 2
5218 3
5219 1
5220 1
5222 3
5223 5
5224 2
5225 1
5226 4
5227 1
5228 1
5229 4
5230 2
5231 1
5232 4
5233 1
5235 4
5236 2
5237 2
5238 4
5239 4
5240 1
5241 1
5242 1
5243 3
5244 3
5245 4
5246 3
5247 5
5248 1
5249 1
5250 6
5251 1
5253 4
5254 3
5255 4
5256 2
5257 1
5258 1
5259 1
5260 2
5261 3
5262 2
5263 4
5265 1
5266 2
5267 3
5268 2
5269 1
5270 2
5271 2
5272 1
5273 1
5274 4
5275 2
5276 1
5277 2
5278 3
5279 3
5280 3
5283 2
5284 4
5285 2
5286 1
5287 1
5288 1
5289 1
5290 2
5291 4
5292 2
5293 2
5295 1
5296 2
5297 1
5298 6
5299 2
5300 1
5301 3
5302 1
5303 1
5304 2
5305 2
5306 2
5307 1
5308 1
5309 7
5310 3
5311 1
5312 3
5313 2
5314 5
5316 2
5318 1
5319 1
5320 2
5321 2
5322 1
5324 5
5325 3
5326 3
5327 1
5328 2
5329 3
5330 2
5332 5
5333 2
5335 3
5336 2
5338 1
5339 1
5340 4
5341 1
5342 2
5343 2
5344 1
5345 2
5346 2
5347 4
5349 1
5350 2
5351 3
5353 3
5354 3
5356 4
5357 4
5358 3
5359 3
5360 3
5361 1
5362 1
5363 1
5364 1
5367 1
5368 3
5369 1
5370 2
5371 5
5372 1
5374 3
5375 4
5376 1
5377 1
5378 2
5379 3
5380 1
5381 1
5382 2
5383 2
5384 1
5385 3
5387 1
5388 4
5389 2
5390 3
5392 2
5393 3
5395 1
5398 3
5400 2
5401 3
5402 1
5403 4
5404 3
5405 1
5406 1
5407 3
5408 2
5409 3
5410 1
5411 6
5412 2
5413 2
5414 2
5415 2
5416 4
5417 3
5418 3
5419 3
5422 5
5423 3
5424 1
5425 1
5426 2
5427 2
5428 3
5429 1
5430 2
5431 3
5432 2
5433 3
5434 1
5435 2
5436 1
5437 3
5438 3
5441 2
5442 5
5443 4
5444 1
5445 2
5446 3
5447 2
5448 2
5449 1
5450 5
5451 2
5452 3
5453 1
5454 2
5455 2
5456 4
5458 1
5460 2
5461 2
5462 1
5463 3
5464 1
5465 2
5466 1
5467 5
5468 3
5469 4
5470 1
5472 3
5473 3
5475 6
5476 2
5477 1
5478 3
5479 3
5480 2
5481 1
5482 1
5483 2
5484 5
5486 2
5487 3
5488 1
5489 2
5490 1
5491 4
5492 2
5493 3
5494 2
5495 1
5497 7
5498 1
5499 3
5500 1
5501 2
5502 1
5503 3
5504 3
5505 2
5506 1
5507 1
5508 1
5509 3
5510 2
5511 2
5512 2
5513 1
5514 3
5515 1
5516 2
5518 1
5519 3
5520 4
5521 5
5523 6
5524 5
5525 2
5526 2
5527 1
5528 3
5529 2
5530 1
5531 6
5532 3
5534 2
5535 2
5536 1
5537 2
5538 3
5539 3
5540 6
5541 3
5543 3
5544 2
5545 1
5546 3
5547 1
5548 3
5549 2
5550 4
5551 2
5552 1
5553 1
5554 1
5555 2
5556 1
5557 4
5558 1
5560 4
5561 3
5562 4
5564 2
5565 2
5566 1
5567 1
5568 3
5569 3
5570 2
5571 3
5572 4
5573 2
5574 1
5575 2
5576 2
5577 6
5578 2
5579 3
5580 2
5581 2
5582 2
5583 1
5584 2
5585 1
5586 2
5587 3
5588 3
5589 1
5590 2
5591 5
5592 2
5593 1
5594 5
5595 3
5596 3
5597 1
5598 5
5599 2
5600 2
5601 3
5602 4
5603 2
5604 3
5605 1
5607 1
5608 3
5609 4
5610 2
5611 3
5612 1
5613 6
5614 3
5615 4
5616 1
5617 2
5618 3
5619 2
5620 2
5621 1
5623 2
5624 1
5625 2
5626 5
5628 3
5629 3
5630 1
5631 2
5632 1
5633 2
5634 1
5635 4
5636 1
5637 2
5638 5
5639 1
5640 4
5641 2
5642 6
5643 2
5644 4
5645 1
5646 2
5647 1
5648 2
5649 1
5650 1
5651 7
5652 7
5653 4
5654 3
5655 2
5656 4
5657 3
5658 1
5659 1
5660 2
5661 3
5662 2
5663 1
5664 3
5665 2
5666 7
5667 1
5668 1
5669 3
5670 5
5671 3
5672 3
5673 1
5674 3
5675 5
5676 4
5677 2
5678 2
5679 3
5680 6
5681 2
5682 4
5683 1
5684 4
5685 4
5686 4
5687 2
5688 3
5689 5
5690 5
5692 2
5693 3
5694 2
5695 2
5696 3
5697 2
5698 3
5699 2
5700 1
5701 3
5702 4
5703 1
5704 3
5705 2
5706 6
5707 2
5708 4
5709 1
5710 1
5711 3
5712 2
5713 2
5714 1
5715 5
5716 5
5717 1
5719 1
5720 1
5721 1
5722 4
5723 2
5725 2
5726 5
5728 2
5730 1
5732 2
5733 2
5734 2
5735 1
5736 1
5737 2
5738 1
5739 2
5740 4
5741 3
5742 1
5743 3
5744 3
5745 1
5746 2
5747 1
5748 4
5749 2
5750 1
5751 1
5752 2
5753 1
5754 1
5756 3
5757 3
5758 2
5759 7
5760 2
5761 4
5762 1
5763 2
5764 1
5765 3
5766 2
5767 4
5769 1
5770 2
5771 4
5772 1
5773 1
5774 2
5775 1
5776 2
5777 3
5778 2
5779 1
5782 2
5783 1
5784 3
5786 2
5787 2
5788 1
5789 2
5790 4
5791 2
5793 2
5794 1
5795 4
5797 1
5798 2
5799 2
5801 1
5802 4
5803 3
5804 2
5805 1
5807 2
5810 1
5813 4
5814 5
5816 4
5818 2
5819 3
5821 1
5822 2
5823 1
5824 2
5825 1
5826 3
5827 3
5828 4
5830 1
5831 3
5832 1
5833 3
5834 1
5835 3
5836 2
5837 2
5838 2
5839 4
5840 4
5841 4
5842 2
5843 4
5844 3
5845 2
5846 3
5847 4
5848 2
5849 3
5850 4
5851 5
5852 3
5853 2
5855 2
5856 5
5857 2
5858 2
5859 1
5860 1
5861 4
5862 3
5863 4
5865 5
5866 1
5867 2
5869 4
5870 4
5871 4
5872 1
5873 6
5874 4
5875 4
5876 2
5878 3
5880 1
5881 1
5882 1
5883 2
5884 4
5885 2
5886 1
5887 4
5888 1
5889 3
5890 4
5891 2
5893 2
5894 4
5895 5
5896 5
5897 1
5898 1
5899 3
5900 4
5901 1
5902 6
5904 3
5905 1
5906 2
5907 1
5908 5
5909 1
5910 3
5912 2
5913 1
5914 2
5915 1
5916 3
5917 3
5918 1
5919 2
5920 3
5921 2
5922 1
5923 1
5924 1
5925 4
5926 7
5927 4
5928 1
5929 2
5930 2
5931 1
5932 3
5933 2
5934 3
5935 1
5936 3
5938 1
5939 3
5940 1
5941 3
5942 3
5944 3
5945 1
5946 4
5947 1
5948 1
5949 2
5951 1
5952 3
5953 2
5954 1
5957 3
5958 2
5959 1
5960 1
5961 2
5962 2
5963 2
5964 3
5965 4
5966 1
5967 6
5968 3
5969 1
5971 2
5973 1
5974 1
5975 1
5976 1
5978 1
5979 2
5980 4
5981 1
5982 1
5983 4
5986 1
5987 1
5988 1
5989 3
5991 1
5992 3
5993 3
5994 2
5995 1
5996 3
5997 2
5998 1
5999 3
6000 1
6001 1
6002 1
6004 1
6005 3
6006 1
6007 1
6009 2
6011 2
6012 5
6013 4
6016 1
6017 1
6018 1
6019 2
6020 2
6021 1
6022 3
6023 3
6024 1
6028 1
6029 1
6030 1
6031 1
6032 2
6033 2
6034 3
6036 4
6037 1
6038 1
6039 2
6040 3
6041 1
6042 2
6043 2
6044 1
6045 2
6046 2
6047 1
6049 2
6050 3
6051 2
6052 1
6053 2
6055 1
6056 2
6057 2
6058 2
6059 1
6060 5
6061 1
6062 1
6063 1
6064 1
6065 2
6066 1
6068 2
6069 2
6071 3
6073 3
6074 3
6075 1
6076 1
6077 2
6078 2
6079 2
6080 1
6081 1
6082 4
6083 2
6086 4
6088 4
6090 3
6091 3
6092 1
6093 2
6095 2
6096 2
6097 4
6098 2
6099 1
6100 2
6102 6
6103 2
6104 2
6105 3
6106 1
6107 2
6109 2
6110 1
6111 2
6112 1
6113 2
6115 4
6116 2
6117 1
6118 3
6119 1
6120 6
6122 1
6123 1
6124 3
6125 3
6126 1
6127 3
6128 5
6129 3
6130 3
6132 2
6133 4
6134 4
6135 3
6136 4
6137 2
6141 2
6142 1
6143 1
6144 2
6146 2
6149 3
6150 1
6151 1
6153 1
6154 5
6156 1
6157 2
6158 4
6159 1
6162 1
6165 4
6167 1
6168 3
6169 2
6170 1
6171 1
6172 2
6174 2
6175 3
6176 2
6177 1
6178 3
6179 2
6180 1
6182 1
6186 2
6187 6
6189 2
6190 2
6192 1
6193 1
6194 1
6196 3
6199 2
6200 2
6201 3
6202 2
6204 3
6205 1
6206 1
6208 1
6209 2
6210 1
6211 2
6212 3
6213 5
6214 2
6215 1
6216 1
6217 5
6218 2
6221 3
6223 1
6224 2
6225 2
6226 3
6227 3
6228 2
6230 1
6231 1
6232 1
6233 1
6234 3
6235 1
6236 3
6238 2
6239 1
6240 1
6241 1
6242 1
6244 3
6245 1
6246 2
6247 3
6249 1
6250 1
6251 4
6252 1
6253 1
6254 1
6255 1
6256 4
6257 3
6258 1
6259 3
6260 3
6262 1
6263 2
6264 2
6265 2
6266 3
6268 2
6270 2
6271 3
6272 2
6273 1
6274 1
6275 2
6276 1
6277 2
6279 1
6280 2
6281 1
6282 4
6283 3
6284 2
6285 2
6286 1
6288 2
6289 2
6290 1
6291 3
6294 1
6295 5
6296 3
6297 4
6298 1
6299 1
6300 2
6301 3
6302 2
6303 5
6306 3
6309 3
6310 3
6311 1
6312 1
6313 7
6314 4
6315 1
6316 4
6317 2
6318 1
6319 3
6320 3
6322 3
6323 7
6324 3
6326 1
6327 2
6328 2
6329 1
6331 3
6332 2
6333 2
6334 2
6335 2
6336 1
6337 1
6338 2
6339 2
6340 3
6341 4
6342 3
6343 1
6344 4
6346 1
6347 1
6348 1
6349 1
6350 3
6351 2
6354 3
6355 1
6356 2
6357 2
6358 1
6359 4
6360 2
6361 1
6362 1
6363 7
6364 1
6365 2
6366 1
6367 3
6368 1
6369 2
6370 4
6371 2
6372 1
6373 1
6374 3
6375 4
6376 1
6377 1
6378 2
6379 2
6380 1
6381 2
6382 1
6383 2
6384 2
6385 1
6386 3
6387 2
6389 1
6390 1
6391 4
6392 3
6393 3
6394 1
6396 2
6397 4
6398 4
6399 2
6400 2
6401 2
6402 2
6403 5
6404 2
6405 2
6406 2
6407 1
6408 1
6409 1
6412 2
6413 1
6414 2
6415 5
6416 1
6418 1
6420 2
6421 1
6422 2
6425 4
6427 3
6428 1
6429 2
6430 3
6431 4
6432 1
6433 2
6436 3
6438 2
6439 3
6440 1
6441 1
6442 1
6443 1
6444 1
6445 2
6446 5
6447 2
6448 1
6449 3
6451 1
6453 1
6455 1
6458 1
6461 2
6462 1
6463 2
6464 1
6466 5
6467 1
6470 4
6472 1
6475 1
6476 2
6477 1
6480 3
6484 1
6485 1
6487 1
6488 1
6489 2
6490 2
6491 2
6492 2
6493 2
6494 1
6495 2
6496 1
6498 1
6499 1
6500 1
6501 1
6502 1
6503 2
6505 3
6507 1
6508 3
6509 2
6510 1
6511 1
6512 2
6513 4
6515 1
6516 4
6520 1
6521 1
6522 1
6524 3
6525 1
6527 1
6528 2
6529 1
6530 1
6531 2
6532 1
6533 1
6536 2
6537 1
6539 1
6540 3
6541 2
6543 3
6546 1
6547 1
6550 2
6551 2
6552 3
6553 1
6554 4
6555 1
6556 2
6558 1
6561 3
6562 4
6563 2
6565 3
6566 2
6567 1
6568 2
6571 4
6572 1
6573 1
6574 1
6575 1
6578 3
6579 2
6580 2
6582 1
6583 1
6585 1
6587 1
6588 2
6589 2
6590 1
6591 2
6595 1
6597 1
6598 3
6599 1
6600 1
6601 1
6602 3
6603 1
6604 3
6605 1
6606 3
6607 2
6608 2
6610 1
6612 2
6614 2
6616 1
6619 2
6620 2
6621 1
6622 1
6623 1
6624 1
6627 3
6628 1
6629 3
6630 1
6632 1
6634 4
6635 1
6636 2
6638 4
6639 2
6640 3
6641 2
6642 1
6643 2
6645 3
6646 4
6647 2
6648 2
6649 2
6650 3
6655 1
6656 1
6657 1
6659 1
6660 1
6661 3
6664 1
6666 2
6667 2
6668 3
6669 2
6670 2
6671 1
6672 1
6675 3
6676 1
6677 3
6678 3
6683 1
6684 1
6685 1
6686 3
6687 2
6688 1
6689 1
6690 1
6691 2
6693 1
6694 2
6695 1
6696 2
6697 1
6698 1
6700 1
6701 2
6702 2
6705 2
6708 1
6709 2
6711 1
6712 5
6713 1
6715 1
6717 1
6721 1
6722 2
6723 1
6724 3
6726 2
6727 3
6728 3
6729 2
6731 1
6732 1
6733 2
6734 2
6735 2
6736 3
6738 2
6739 3
6740 1
6741 1
6743 2
6745 1
6746 1
6747 4
6749 1
6750 1
6751 2
6752 2
6753 2
6754 2
6755 2
6756 1
6757 1
6759 1
6761 1
6763 1
6764 2
6765 3
6766 1
6769 3
6770 2
6771 1
6772 1
6773 2
6775 1
6776 1
6778 1
6780 1
6782 1
6783 1
6785 4
6786 1
6787 1
6788 1
6789 1
6791 2
6795 1
6796 1
6797 1
6798 3
6801 1
6802 2
6803 3
6805 2
6808 1
6809 1
6812 2
6813 1
6815 1
6816 1
6818 1
6820 2
6821 2
6823 1
6824 1
6826 3
6828 1
6831 1
6832 3
6833 1
6834 1
6835 1
6839 1
6840 1
6841 1
6842 1
6845 2
6846 1
6847 2
6850 2
6852 2
6853 1
6854 1
6855 3
6857 2
6858 1
6859 1
6860 2
6861 4
6863 2
6864 1
6866 4
6868 2
6869 1
6875 1
6876 1
6877 2
6881 2
6883 1
6885 3
6886 2
6892 1
6893 1
6895 1
6896 1
6897 1
6899 1
6900 1
6903 1
6904 1
6905 1
6906 1
6907 2
6908 3
6910 1
6914 1
6915 2
6916 2
6917 2
6918 1
6919 1
6920 1
6921 1
6922 1
6923 2
6924 2
6926 2
6928 1
6930 2
6938 3
6939 2
6941 1
6942 2
6943 1
6946 1
6947 3
6950 1
6952 1
6954 1
6955 1
6962 1
6963 1
6965 2
6966 1
6970 1
6972 2
6974 1
6975 1
6976 1
6977 1
6978 2
6980 1
6981 2
6982 1
6984 1
6986 1
6987 1
6990 1
6992 2
6994 1
6995 1
6998 1
6999 1
7000 2
7003 1
7004 1
7008 1
7010 1
7012 1
7016 1
7017 2
7018 2
7019 1
7021 2
7023 1
7027 1
7033 1
7034 1
7035 1
7038 1
7039 1
7040 1
7041 1
7042 1
7044 1
7045 2
7048 2
7049 1
7050 2
7053 1
7054 1
7057 1
7058 1
7059 2
7060 1
7062 1
7063 3
7064 1
7068 2
7069 1
7071 1
7073 3
7074 1
7078 1
7084 2
7086 1
7087 1
7089 1
7090 1
7091 1
7092 1
7094 2
7095 1
7098 1
7102 3
7105 1
7107 1
7109 2
7113 1
7114 1
7117 2
7118 1
7120 1
7123 1
7126 1
7128 1
7130 1
7131 1
7133 2
7134 1
7136 1
7137 3
7142 1
7143 1
7145 1
7146 1
7149 3
7151 1
7153 2
7154 1
7156 1
7158 1
7159 2
7160 2
7162 1
7164 1
7165 3
7167 2
7169 1
7170 2
7172 2
7174 1
7175 1
7176 1
7177 1
7181 2
7182 2
7183 3
7189 1
7190 1
7192 3
7193 2
7196 2
7198 2
7200 1
7201 1
7203 1
7207 1
7208 2
7209 1
7211 1
7212 1
7213 1
7214 1
7219 1
7220 2
7224 1
7226 2
7231 1
7233 1
7234 2
7235 2
7239 3
7240 1
7241 2
7245 1
7246 1
7247 1
7248 1
7250 1
7253 2
7255 2
7261 1
7263 2
7264 1
7266 1
7267 2
7268 1
7271 2
7273 1
7275 1
7276 3
7277 1
7278 1
7279 2
7280 1
7282 1
7285 1
7289 2
7290 2
7295 1
7297 1
7298 1
7299 1
7301 3
7302 1
7303 1
7304 3
7306 4
7307 1
7309 1
7315 2
7317 1
7318 1
7319 1
7323 1
7324 1
7325 2
7327 1
7328 1
7329 4
7330 1
7332 1
7335 1
7336 1
7339 2
7340 2
7345 1
7348 2
7349 1
7350 2
7351 2
7352 1
7353 1
7355 3
7356 2
7363 1
7366 2
7368 1
7371 2
7372 1
7375 2
7376 2
7379 2
7381 1
7385 1
7388 2
7389 1
7390 1
7392 1
7393 1
7396 2
7398 1
7399 1
7400 1
7401 1
7402 1
7403 2
7404 1
7405 2
7407 4
7408 1
7409 1
7413 1
7419 1
7421 2
7422 1
7425 2
7427 2
7431 1
7434 1
7438 1
7439 1
7441 1
7443 3
7444 2
7445 1
7446 2
7447 1
7450 1
7452 1
7454 1
7456 1
7459 2
7461 2
7462 3
7463 1
7466 1
7471 2
7473 1
7477 2
7478 1
7479 1
7481 1
7482 1
7483 1
7484 1
7490 1
7492 2
7494 1
7495 1
7498 1
7502 2
7503 2
7504 1
7508 1
7510 1
7511 1
7513 1
7514 1
7515 1
7516 1
7518 1
7519 1
7520 2
7526 1
7532 1
7533 2
7534 1
7535 4
7536 2
7537 1
7538 1
7539 2
7540 2
7542 3
7544 1
7545 1
7547 3
7548 1
7551 1
7553 2
7555 2
7556 2
7559 1
7560 2
7564 3
7567 1
7568 1
7569 1
7570 1
7571 1
7572 1
7573 3
7576 1
7577 1
7578 2
7581 1
7582 2
7583 1
7589 1
7590 1
7591 1
7593 1
7594 4
7595 2
7596 2
7598 3
7603 1
7604 2
7605 1
7606 1
7607 2
7608 2
7609 4
7612 1
7614 2
7616 1
7618 1
7620 2
7621 2
7623 1
7629 1
7630 1
7631 1
7632 1
7633 4
7634 1
7636 3
7637 3
7638 1
7640 1
7641 2
7642 2
7644 1
7646 2
7647 1
7649 3
7650 2
7651 1
7652 2
7653 3
7654 1
7656 2
7658 2
7659 1
7660 2
7661 2
7664 1
7665 3
7666 2
7667 1
7668 1
7669 1
7670 2
7671 1
7672 1
7673 3
7674 2
7675 1
7676 1
7677 4
7678 2
7679 1
7680 3
7682 3
7683 1
7684 1
7685 1
7687 1
7688 1
7689 1
7690 2
7692 1
7693 3
7695 1
7696 2
7698 4
7699 3
7700 2
7701 1
7702 2
7703 1
7704 2
7706 1
7710 2
7711 1
7712 1
7714 1
7715 2
7716 2
7717 1
7719 2
7721 1
7722 1
7724 1
7727 3
7728 2
7731 1
7733 3
7735 3
7736 5
7737 1
7740 2
7741 2
7742 2
7743 3
7744 3
7746 1
7747 2
7749 3
7750 1
7751 1
7752 2
7753 1
7754 1
7756 1
7757 3
7759 2
7760 1
7761 1
7762 1
7765 1
7767 1
7768 1
7770 1
7771 2
7772 2
7773 1
7774 2
7775 2
7776 2
7777 2
7779 1
7780 2
7781 2
7782 1
7784 1
7785 1
7788 2
7790 2
7791 1
7793 1
7794 1
7795 1
7796 1
7800 2
7806 1
7808 1
7810 2
7811 1
7814 1
7815 1
7818 1
7819 1
7820 2
7821 2
7822 1
7825 2
7829 1
7830 2
7832 1
7834 2
7836 2
7837 1
7839 4
7840 1
7841 3
7843 1
7844 2
7845 4
7846 1
7852 2
7854 3
7855 5
7856 1
7857 2
7858 2
7859 1
7861 1
7862 1
7863 1
7864 1
7868 1
7870 3
7871 2
7872 1
7875 1
7876 2
7878 1
7879 2
7880 1
7882 2
7885 1
7890 2
7891 1
7893 2
7896 1
7900 1
7903 1
7904 1
7906 2
7907 1
7908 2
7909 1
7910 1
7911 1
7913 1
7914 3
7920 2
7922 2
7923 1
7924 1
7925 1
7926 2
7927 2
7930 1
7931 1
7932 1
7933 2
7936 1
7939 1
7941 2
7942 1
7943 1
7945 3
7947 2
7948 1
7951 1
7952 1
7956 2
7963 1
7966 1
7970 1
7971 1
7972 2
7975 1
7978 1
7980 1
7981 1
7982 1
7983 1
7984 1
7985 1
7986 1
7987 1
7988 1
7989 1
7991 1
7993 1
7994 1
7998 1
7999 1
8001 2
8003 1
8005 1
8006 1
8007 1
8009 2
8011 1
8013 1
8014 2
8015 1
8016 1
8021 1
8025 1
8026 1
8027 2
8028 2
8032 1
8034 1
8035 1
8036 2
8043 1
8045 1
8047 2
8048 1
8049 2
8051 1
8052 1
8054 1
8055 1
8056 1
8058 1
8060 1
8066 1
8067 1
8070 1
8071 1
8074 1
8075 3
8077 1
8082 2
8085 1
8087 2
8088 1
8090 1
8091 1
8095 2
8096 1
8098 1
8099 2
8101 2
8104 1
8105 1
8111 1
8113 1
8116 2
8120 1
8122 2
8129 3
8134 2
8136 1
8137 1
8140 1
8141 2
8142 1
8144 1
8145 3
8147 1
8149 1
8153 2
8158 3
8163 1
8164 1
8168 1
8169 4
8173 2
8174 1
8176 3
8178 1
8179 2
8181 1
8183 1
8184 1
8185 1
8186 1
8189 1
8194 1
8196 1
8198 1
8200 1
8203 1
8206 1
8208 1
8209 1
8210 1
8212 1
8216 1
8222 1
8225 1
8226 1
8227 1
8228 1
8230 1
8233 2
8235 1
8236 1
8242 1
8243 1
8245 1
8246 1
8247 1
8252 1
8253 1
8255 2
8257 1
8258 1
8262 1
8263 1
8266 1
8269 1
8270 2
8272 1
8276 1
8277 2
8279 1
8281 2
8285 1
8290 1
8293 1
8294 1
8295 1
8296 1
8303 1
8305 1
8306 2
8309 1
8311 1
8312 1
8314 1
8315 2
8323 2
8328 1
8329 1
8330 2
8331 1
8332 1
8334 1
8341 2
8345 1
8346 1
8350 1
8352 2
8357 1
8361 1
8362 1
8365 1
8366 1
8368 1
8371 1
8372 1
8373 1
8374 1
8377 1
8378 1
8380 1
8381 1
8383 1
8385 1
8388 3
8390 2
8391 2
8392 1
8397 1
8399 2
8403 2
8407 1
8408 2
8409 1
8410 4
8411 1
8413 1
8414 1
8415 2
8416 1
8418 1
8422 2
8426 1
8427 1
8430 1
8433 2
8437 1
8439 1
8440 1
8441 1
8442 1
8445 2
8448 1
8452 1
8454 1
8458 1
8459 1
8460 1
8463 1
8468 1
8469 1
8470 1
8473 1
8476 3
8479 2
8480 2
8482 1
8484 1
8486 1
8488 1
8489 1
8490 1
8492 2
8501 2
8503 2
8504 1
8506 1
8507 1
8508 2
8510 1
8512 2
8514 2
8516 1
8520 1
8523 1
8525 2
8529 1
8532 1
8533 1
8540 1
8542 2
8543 3
8544 1
8545 3
8551 1
8553 1
8555 1
8558 1
8561 1
8562 1
8566 1
8571 2
8575 1
8578 2
8579 1
8581 1
8582 1
8583 1
8586 1
8588 1
8589 1
8591 1
8592 3
8597 1
8598 2
8600 1
8602 1
8605 1
8608 1
8609 2
8612 1
8614 1
8615 1
8617 1
8619 2
8620 1
8622 1
8623 2
8624 2
8625 1
8626 1
8628 2
8629 1
8630 1
8634 1
8636 1
8641 1
8643 1
8644 1
8645 2
8646 1
8647 1
8650 1
8651 1
8652 2
8659 1
8661 1
8662 1
8667 2
8668 2
8670 2
8674 1
8676 1
8677 2
8678 2
8679 1
8682 1
8683 2
8684 1
8686 1
8687 1
8689 2
8700 1
8702 1
8703 1
8705 1
8706 1
8707 1
8711 1
8713 1
8714 1
8715 1
8716 1
8718 1
8720 2
8722 1
8723 1
8725 4
8726 1
8727 1
8728 2
8729 2
8730 1
8731 1
8732 2
8733 1
8734 2
8735 1
8738 1
8739 1
8744 1
8745 2
8746 1
8747 1
8752 1
8753 1
8754 2
8757 1
8761 1
8765 1
8769 1
8770 1
8771 1
8773 1
8774 2
8775 1
8776 3
8778 1
8779 1
8785 2
8790 1
8791 1
8793 1
8795 1
8796 1
8797 1
8800 1
8802 1
8804 1
8805 1
8806 1
8809 1
8814 1
8817 2
8826 2
8828 1
8831 1
8833 2
8838 1
8841 2
8842 2
8848 1
8849 1
8854 1
8857 1
8859 1
8861 2
8865 1
8866 1
8868 1
8869 1
8871 2
8872 2
8873 1
8874 1
8877 1
8882 1
8890 1
8891 1
8892 1
8894 2
8896 1
8897 1
8898 1
8902 1
8911 1
8912 1
8913 1
8916 1
8917 1
8920 4
8928 2
8931 3
8932 2
8936 1
8937 1
8939 2
8940 1
8941 4
8942 1
8943 2
8949 1
8952 1
8955 1
8956 1
8957 2
8958 2
8962 1
8964 3
8969 2
8970 1
8973 1
8980 2
8982 1
8986 1
8991 1
8993 1
8996 2
8997 1
8998 1
8999 1
9003 1
9005 1
9008 1
9009 3
9011 1
9012 1
9013 1
9020 1
9024 1
9026 2
9027 1
9028 2
9033 1
9034 1
9035 1
9036 1
9039 1
9042 2
9045 1
9048 1
9052 1
9056 1
9059 1
9060 1
9061 1
9062 1
9065 2
9068 2
9069 1
9070 1
9072 1
9076 1
9079 1
9081 1
9083 1
9084 1
9086 1
9088 2
9090 1
9091 1
9092 2
9095 1
9096 3
9097 1
9098 1
9103 1
9104 1
9105 2
9106 1
9107 1
9108 1
9110 1
9112 2
9115 1
9116 1
9118 1
9119 2
9123 2
9124 1
9129 1
9136 2
9138 2
9141 2
9142 2
9149 1
9152 2
9156 1
9157 2
9160 1
9161 3
9162 2
9163 1
9169 1
9172 2
9174 1
9175 2
9178 2
9180 1
9181 1
9183 1
9190 1
9194 3
9196 1
9198 1
9199 1
9201 3
9202 1
9205 1
9206 1
9209 2
9210 1
9211 1
9212 1
9215 1
9216 1
9218 2
9219 1
9221 2
9223 1
9225 1
9226 1
9232 1
9233 1
9234 2
9238 2
9239 2
9240 1
9244 2
9245 1
9254 1
9259 3
9260 1
9262 1
9264 1
9267 1
9268 1
9271 1
9272 1
9274 1
9280 1
9282 1
9286 1
9287 1
9288 3
9290 1
9291 1
9292 1
9293 1
9297 1
9299 1
9301 1
9302 1
9305 1
9312 2
9317 1
9319 1
9320 2
9321 1
9322 2
9326 1
9327 1
9328 1
9330 1
9332 2
9333 1
9335 2
9336 2
9339 1
9340 1
9341 1
9344 1
9345 1
9346 2
9349 2
9350 1
9351 1
9352 1
9354 1
9355 1
9356 2
9357 1
9364 1
9367 1
9368 1
9370 1
9372 2
9373 1
9378 2
9380 1
9381 2
9382 1
9384 1
9387 1
9388 3
9393 1
9397 1
9402 1
9405 1
9406 2
9407 2
9408 1
9409 2
9411 1
9415 1
9417 1
9418 1
9419 1
9422 2
9423 2
9426 2
9427 1
9429 1
9430 1
9431 1
9434 1
9436 2
9441 1
9442 1
9444 3
9445 1
9447 2
9450 2
9453 1
9456 1
9458 1
9459 2
9460 2
9461 1
9462 2
9471 1
9473 1
9474 1
9475 1
9481 1
9484 1
9486 1
9488 1
9493 2
9498 2
9499 2
9501 1
9502 1
9504 2
9505 1
9506 2
9508 2
9509 1
9510 1
9511 1
9512 1
9514 1
9515 3
9517 1
9519 1
9520 2
9527 1
9528 1
9529 1
9530 3
9531 2
9533 1
9535 2
9537 1
9540 1
9542 1
9545 1
9546 2
9549 2
9554 1
9557 2
9560 1
9561 2
9564 1
9565 1
9567 2
9569 1
9572 1
9573 2
9575 1
9576 1
9578 1
9580 2
9583 1
9584 1
9585 1
9589 1
9590 4
9592 1
9594 1
9595 1
9598 1
9599 1
9601 1
9602 2
9604 3
9606 1
9607 4
9608 2
9612 2
9613 1
9616 1
9618 2
9619 1
9620 1
9621 1
9623 2
9624 1
9626 1
9627 1
9628 1
9629 1
9633 2
9637 1
9640 2
9642 1
9644 1
9645 2
9646 1
9648 1
9657 1
9658 1
9659 1
9660 2
9661 1
9662 1
9665 1
9666 2
9669 1
9676 1
9678 2
9679 2
9680 1
9681 1
9687 1
9690 1
9694 2
9696 1
9701 2
9702 2
9704 1
9706 1
9711 1
9713 1
9714 1
9715 1
9717 1
9719 1
9720 1
9723 2
9726 1
9727 1
9729 2
9730 2
9731 1
9732 1
9733 1
9737 1
9738 1
9743 1
9745 2
9746 1
9751 1
9752 1
9753 2
9756 2
9757 1
9759 2
9760 1
9763 2
9765 1
9767 3
9770 2
9773 1
9774 1
9776 1
9780 1
9783 1
9784 1
9786 2
9787 1
9791 1
9794 1
9797 1
9799 1
9801 1
9802 1
9805 1
9807 1
9811 1
9812 1
9815 2
9816 1
9822 3
9831 1
9834 1
9835 1
9836 1
9837 2
9843 1
9845 1
9847 1
9848 1
9851 2
9856 1
9857 1
9859 1
9860 1
9864 2
9869 1
9870 1
9871 1
9874 1
9883 1
9888 1
9891 1
9892 2
9895 1
9897 1
9904 5
9906 1
9908 1
9909 1
9911 1
9913 1
9915 1
9916 1
9917 1
9923 1
9924 1
9925 1
9927 1
9933 1
9934 1
9938 1
9942 1
9944 1
9947 1
9949 2
9951 2
9954 2
9956 2
9957 1
9962 1
9968 1
9969 1
9972 1
9975 1
9977 2
9982 1
9983 1
9984 1
9985 1
9991 1
9992 1
9993 1
9995 1
9996 1
9997 1
10001 2296
